[gd_scene load_steps=8 format=3 uid="uid://dyt4xevpjd6rm"]

[ext_resource type="Script" uid="uid://rskr5ud4na2b" path="res://addons/zylann.hterrain/hterrain.gd" id="1_vjhlg"]
[ext_resource type="Resource" uid="uid://cjh8hpi3fpp03" path="res://terrainterror/data.hterrain" id="2_a0ket"]
[ext_resource type="Script" uid="uid://caadmjp5bx10n" path="res://addons/zylann.hterrain/hterrain_texture_set.gd" id="3_tw12r"]
[ext_resource type="Script" uid="uid://c7uen1t0w5iin" path="res://scenes/character_body_3d.gd" id="4_a0ket"]

[sub_resource type="Resource" id="Resource_e1kr5"]
script = ExtResource("3_tw12r")
mode = 0
textures = [[], []]

[sub_resource type="BoxShape3D" id="BoxShape3D_a0ket"]

[sub_resource type="BoxMesh" id="BoxMesh_vjhlg"]

[node name="Node3D" type="Node3D"]
transform = Transform3D(0.999875, 0.0155222, -0.0029872, -0.0154843, 0.999804, 0.012306, 0.00317765, -0.0122582, 0.99992, 32.8264, 212.61, 134.652)

[node name="HTerrain" type="Node3D" parent="."]
script = ExtResource("1_vjhlg")
_terrain_data = ExtResource("2_a0ket")
chunk_size = 32
collision_enabled = true
collision_layer = 1
collision_mask = 1
shader_type = "Classic4Lite"
custom_shader = null
custom_globalmap_shader = null
texture_set = SubResource("Resource_e1kr5")
render_layers = 1
cast_shadow = 1
shader_params/u_ground_uv_scale = 20
shader_params/u_depth_blending = true
shader_params/u_triplanar = null
shader_params/u_tile_reduction = null
metadata/_custom_type_script = "uid://rskr5ud4na2b"

[node name="DirectionalLight3D" type="DirectionalLight3D" parent="."]
transform = Transform3D(-0.679802, 0.702945, -0.209135, 0.634039, 0.706623, 0.314132, 0.368597, 0.0809469, -0.926058, 98.9875, -73.3746, 48.4097)

[node name="Camera3D" type="Camera3D" parent="."]
transform = Transform3D(-0.571329, -0.777937, -0.261527, -0.700665, 0.296393, 0.649015, -0.427378, 0.554044, -0.714411, 117.945, -129.916, 28.9066)
fov = 112.5

[node name="CharacterBody3D" type="CharacterBody3D" parent="."]
transform = Transform3D(0.485513, -0.847138, -0.215951, 0.219104, 0.357047, -0.908025, 0.846327, 0.393542, 0.358962, 128.563, -135.531, 91.7478)
script = ExtResource("4_a0ket")
metadata/_edit_group_ = true

[node name="CollisionShape3D" type="CollisionShape3D" parent="CharacterBody3D"]
transform = Transform3D(10, -2.13186e-08, 1.38981e-16, 2.13186e-08, 10, 0, -1.38981e-16, 2.96288e-25, 10, 0.00535583, 0.00204468, 0.00614929)
shape = SubResource("BoxShape3D_a0ket")

[node name="MeshInstance3D" type="MeshInstance3D" parent="CharacterBody3D"]
transform = Transform3D(10, 0, 0, 0, 10, 0, 0, 0, 10, 0, 0, 0)
mesh = SubResource("BoxMesh_vjhlg")
